<html>
<head>
<title>HackLab.TO</title>
</head>
<body>
<!--
<FireBoxRoom>
 <Assets>
  <AssetObject id="hacklab" src="models/hacklab.gltf"/>
  <AssetImage id="black" src="img/black.png" />
  <AssetWebsurface height="480" id="hacklab" src="https://hacklab.to/" width="720"/>
 </Assets>
 <Room pos="0 0 0" use_local_asset="room_plane" visible="false" xdir="1 0 0" ydir="0 1 0" zdir="0 0 1" skybox_back_id="black" skybox_down_id="black" skybox_front_id="black" skybox_left_id="black" skybox_right_id="black" skybox_up_id="black" >
  <Object cull_face="none" id="lab" js_id="0" lighting="true" pos="0.2 0 0.9" xdir="-1 0 0" ydir="0 -0.000003 1" zdir="0 1 0.000003"/>
  <Object collision_id="plane" id="plane" js_id="user_5410-2-1515013489" lighting="false" pos="0.8 1.4 6.8" scale="2.3 1.2 1" websurface_id="hacklab" xdir="-1 0 -0" ydir="0 1 0" zdir="-0 0 -1"/>
  <Object collision_id="plane" id="plane" js_id="user_5410-4-1515013554" lighting="false" pos="8.5 2.3 14.259999" scale="2.8 1.9 1" xdir="-0.999848 0 0.017452" zdir="-0.017452 0 -0.999848"/>
  <Object collision_id="plane" id="plane" js_id="user_5410-5-1515013562" lighting="false" pos="-43.331753 0 28.884584" scale="2.3 1.2 1" xdir="-0.358364 0 -0.933582" zdir="0.933582 0 -0.358364"/>
  <Object collision_id="plane" id="plane" js_id="user_5410-9-1515013625" lighting="false" pos="4.07 2.44 11.58" scale="2.35 1.75 1" xdir="0 0 1" ydir="0 -1 0" zdir="1 0 0"/>
  <Object collision_id="plane" id="plane" js_id="user_5410-10-1515013674" lighting="false" pos="7.84 1.56 7.13" scale="1.15 1.11 1"/>
  <Light col="#4f003b" js_id="A-2-1503969700" light_cone_angle="0" light_cone_exponent="1" light_intensity="15" light_range="8" pos="2.7 2.2 4.6" xdir="-0.744117 0 -0.668049" ydir="0.656863 -0.182235 -0.731657" zdir="-0.121742 -0.983255 0.135604"/>
  <Light col="#69523b" js_id="A-4-1503969740" light_cone_angle="0" light_cone_exponent="1" light_intensity="15" light_range="8" pos="4 3 7" xdir="0.999111 0 0.042166" ydir="-0.042164 0.008726 0.999073" zdir="-0.000368 -0.999962 0.008718"/>
  <Light col="#0bff42" js_id="A-6-1503969835" light_cone_angle="0" light_cone_exponent="1" light_intensity="15" light_range="8" pos="2.8 3 1" xdir="0.913546 0 0.406736" ydir="-0.406239 -0.049432 0.912429" zdir="0.020106 -0.998778 -0.045158"/>
  <Light col="#00006c" js_id="A-7-1503969965" light_cone_angle="0" light_cone_exponent="1" light_intensity="15" light_range="8" pos="11.500001 3.1 7" xdir="0.999932 -0 -0.011638" ydir="0.011606 -0.074109 0.997183" zdir="-0.000862 -0.99725 -0.074104"/>
  <Light col="#0bff42" js_id="A-8-1503969989" light_cone_angle="0" light_cone_exponent="1" light_intensity="15" light_range="8" pos="11.599999 3.4 12.5" xdir="0.010183 -0 0.999948" ydir="-0.995753 -0.091502 0.010141" zdir="0.091497 -0.995805 -0.000932"/>
 </Room>
</FireBoxRoom>
-->
<script src="https://web.janusxr.org/1.5.19/janusweb.js"></script>
<script>
elation.janusweb.init({
        url: document.location.href,});
</script>
</body>
</html>